# [0] X
# [1] F
# [2] F + noise
# [3] dFdX
# [4] d2FdX2
3.444976810857147687e-02 9.946216257266381200e-02 9.946216257266381200e-02 1.487087510739497187e+00 1.727254863867073098e+01
7.714031987919200972e-02 1.799416756870894363e-01 1.799416756870894363e-01 2.307595216511685088e+00 2.063919681508406967e+01
8.870241768428277496e-02 2.080090841119093259e-01 2.080090841119093259e-01 2.547923555168360998e+00 2.087009446240028510e+01
1.130407006943963122e-01 2.761638809927923210e-01 2.761638809927923210e-01 3.049111579279012663e+00 1.997783890848303301e+01
1.173755471347155410e-01 2.895678753204350420e-01 2.895678753204350420e-01 3.134912796553387615e+00 1.959700789400810805e+01
1.619851038449382497e-01 4.468393749109767499e-01 4.468393749109767499e-01 3.854791637116478764e+00 1.135319981801474931e+01
1.859112320901792348e-01 5.416483534916680664e-01 5.416483534916680664e-01 4.040388792159691711e+00 3.849724598468208470e+00
2.788389407010690713e-01 8.828512752468372637e-01 8.828512752468372637e-01 2.765408198674021989e+00 -2.962891335866829223e+01
2.817007537889806290e-01 8.906431044390465956e-01 8.906431044390465956e-01 2.679654417335284311e+00 -3.029330083827422371e+01
2.898043447722360444e-01 9.113444066690258305e-01 9.113444066690258305e-01 2.427313510844709477e+00 -3.192137174470489924e+01
2.954318901356899341e-01 9.244937668373715001e-01 9.244937668373715001e-01 2.245058956476236212e+00 -3.281778134440548911e+01
3.092575856365471498e-01 9.523443980036538914e-01 9.523443980036538914e-01 1.780715493680156358e+00 -3.413847165779353077e+01
3.260511261378254977e-01 9.774202341361627466e-01 9.774202341361627466e-01 1.206174414644673343e+00 -3.395080695870623089e+01
3.663945489162836466e-01 1.000000000000000000e+00 1.000000000000000000e+00 -3.017317188094373673e-02 -2.558472697774184468e+01
3.670803216193239127e-01 9.999733097998716458e-01 9.999733097998716458e-01 -4.764061252914578160e-02 -2.535723539106972169e+01
3.830481281693690621e-01 9.962191007806527887e-01 9.962191007806527887e-01 -4.068481633020152310e-01 -1.945230388270937993e+01
4.023657288142028499e-01 9.852301226013931990e-01 9.852301226013931990e-01 -7.042439259769257554e-01 -1.119772630789495871e+01
4.111001279251131901e-01 9.787014679009958806e-01 9.787014679009958806e-01 -7.849879176039825657e-01 -7.285378643979550262e+00
4.210035476072423455e-01 9.706426613499187228e-01 9.706426613499187228e-01 -8.351956038429840801e-01 -2.867233659708914306e+00
4.369351252922488715e-01 9.572649801309127682e-01 9.572649801309127682e-01 -8.262449159067264404e-01 3.884748457256936849e+00
4.376110596596504143e-01 9.567074008578155819e-01 9.567074008578155819e-01 -8.235276292707955914e-01 4.155070704756485434e+00
4.470308462674893457e-01 9.491885793247435421e-01 9.491885793247435421e-01 -7.672391355442749195e-01 7.734523684861073889e+00
4.560687504885216903e-01 9.426131159926999237e-01 9.426131159926999237e-01 -6.832589362151186840e-01 1.077894499056739441e+01
4.813429432475173630e-01 9.295250323032507866e-01 9.295250323032507866e-01 -3.275985333790846221e-01 1.665400932365281506e+01
5.123759884616795324e-01 9.278013577972572534e-01 9.278013577972572534e-01 2.204548635214899632e-01 1.741248032533351875e+01
5.142444882517789306e-01 9.282435645310026517e-01 9.282435645310026517e-01 2.528127388733492076e-01 1.721819742744602166e+01
5.165022979918609813e-01 9.288580328064850455e-01 9.288580328064850455e-01 2.913902836093200110e-01 1.694788737870818096e+01
5.207187880526835677e-01 9.302356317476652148e-01 9.302356317476652148e-01 3.616167375987028865e-01 1.634038761975642728e+01
5.242537158763780347e-01 9.316147895633271059e-01 9.316147895633271059e-01 4.183269214391026614e-01 1.573009471300328421e+01
5.258189634647219002e-01 9.322887238218549033e-01 9.322887238218549033e-01 4.427166794148738593e-01 1.543108457022478675e+01
5.562293251719702125e-01 9.517289162442807982e-01 9.517289162442807982e-01 7.905176481892327578e-01 6.538021305397067273e+00
5.590532743284707395e-01 9.539859511725541363e-01 9.539859511725541363e-01 8.074724064927873979e-01 5.464275592578180074e+00
5.592420615015617491e-01 9.541384885474302191e-01 9.541384885474302191e-01 8.084971079054521503e-01 5.391326073222036719e+00
5.822769286725597571e-01 9.733644711235974745e-01 9.733644711235974745e-01 8.234085621918274533e-01 -4.321181285344554368e+00
5.854451165110357014e-01 9.759491341440375001e-01 9.759491341440375001e-01 8.074793366096530978e-01 -5.735917230803257105e+00
6.417167310878300057e-01 9.993746979032117617e-01 9.993746979032117617e-01 -1.877349371243658416e-01 -2.808487988016501902e+01
6.448620703608027860e-01 9.986438264802454112e-01 9.986438264802454112e-01 -2.774536990887546684e-01 -2.895407412218330379e+01
6.696122781072020302e-01 9.823327564939605683e-01 9.823327564939605683e-01 -1.059709320430799684e+00 -3.357528380271428148e+01
6.849687443741350190e-01 9.620554288040825686e-01 9.620554288040825686e-01 -1.583030993612574822e+00 -3.430029669821708183e+01
6.991862379444410136e-01 9.360976619470419147e-01 9.360976619470419147e-01 -2.066558013362936652e+00 -3.348466456724036533e+01
7.199300263673346079e-01 8.862330592696736620e-01 8.862330592696736620e-01 -2.728753899892054413e+00 -2.992019557748673364e+01
7.452838317804861834e-01 8.081529478298951075e-01 8.081529478298951075e-01 -3.398909740979625393e+00 -2.247075876101115810e+01
8.236944519250491981e-01 5.030660377766937863e-01 5.030660377766937863e-01 -3.987657592247674021e+00 7.084346725168022552e+00
8.283462535733033816e-01 4.845982394199899734e-01 4.845982394199899734e-01 -3.951270004270512448e+00 8.548344147581275365e+00
8.363745082660551944e-01 4.531778017389300195e-01 4.531778017389300195e-01 -3.873045743336127167e+00 1.090098702546104548e+01
8.701241366272118860e-01 3.302511271609702703e-01 3.302511271609702703e-01 -3.371103971184737702e+00 1.808994029968369333e+01
8.832009558840542285e-01 2.877638482702823408e-01 2.877638482702823408e-01 -3.123599212563847871e+00 1.965178135593482622e+01
9.002743380567128639e-01 2.373622936217454349e-01 2.373622936217454349e-01 -2.777487914470888164e+00 2.071589444410490799e+01
9.580923375341418025e-01 1.110405398369191249e-01 1.110405398369191249e-01 -1.618897190865247637e+00 1.806530973419107156e+01
9.975408958775807688e-01 6.009590611180926079e-02 6.009590611180926079e-02 -9.944600938714382998e-01 1.345559348705918268e+01
