# [0] X
# [1] F
# [2] F + noise
# [3] dFdX
# [4] d2FdX2
2.058449429580244683e-02 8.045331061981109144e-02 8.045331061981109144e-02 1.258538042170220583e+00 1.567231829405206689e+01
3.438852111521839561e-02 9.937101862329586477e-02 9.937101862329586477e-02 1.486028379457394077e+00 1.726578762500809816e+01
4.645041271999772459e-02 1.185826477009530033e-01 1.185826477009530033e-01 1.701996589899430035e+00 1.851648939059675314e+01
5.808361216819946105e-02 1.396594096008421659e-01 1.396594096008421659e-01 1.923532809408864175e+00 1.953441871763881466e+01
6.505159298527951606e-02 1.535409751362120934e-01 1.535409751362120934e-01 2.061429620458638201e+00 2.002982290906200191e+01
9.767211400638386998e-02 2.317020873366571476e-01 2.317020873366571476e-01 2.734881549595718830e+00 2.077450355694626438e+01
1.220382348447788257e-01 3.043960244998224485e-01 3.043960244998224485e-01 3.225174304371260625e+00 1.910676069543729128e+01
1.394938606520418345e-01 3.634877614968413662e-01 3.634877614968413662e-01 3.537767750008553147e+00 1.650509358769657808e+01
1.559945203362026467e-01 4.239597957570888642e-01 4.239597957570888642e-01 3.782017989899107757e+00 1.291889212762137618e+01
1.560186404424365181e-01 4.240510221901724885e-01 4.240510221901724885e-01 3.782329522238256470e+00 1.291286264262138950e+01
1.705241236872915289e-01 4.801398553015087667e-01 4.801398553015087667e-01 3.941414696963923880e+00 8.892980420491488402e+00
1.818249672071006184e-01 5.251738373341462429e-01 5.251738373341462429e-01 4.021759395351555355e+00 5.258661210519698592e+00
1.834045098534338170e-01 5.315327144455691544e-01 5.315327144455691544e-01 4.029640851102183063e+00 4.719566783548803102e+00
1.848544555255270394e-01 5.373802607809022858e-01 5.373802607809022858e-01 4.036121428416718615e+00 4.218524694059545332e+00
1.996737821583597361e-01 5.974624340549585799e-01 5.974624340549585799e-01 4.059114528932582289e+00 -1.198384440265007456e+00
2.123391106782761550e-01 6.486456185340716551e-01 6.486456185340716551e-01 4.012858265605233399e+00 -6.139804279964048206e+00
2.587799816000169173e-01 8.217753137444701039e-01 8.217753137444701039e-01 3.304777861894798718e+00 -2.384497820215467812e+01
2.912291401980419137e-01 9.147694566059320076e-01 9.147694566059320076e-01 2.381653258557553166e+00 -3.216702500319404123e+01
2.921446485352181544e-01 9.169363782275494756e-01 9.169363782275494756e-01 2.352134454021000742e+00 -3.231825595920660987e+01
3.042422429595377231e-01 9.429844273714559355e-01 9.429844273714559355e-01 1.951175996036180527e+00 -3.380890806522476311e+01
3.046137691733706854e-01 9.437070063471536541e-01 9.437070063471536541e-01 1.938609433288542183e+00 -3.383925827330045877e+01
3.117110760894109545e-01 9.566095769369336033e-01 9.566095769369336033e-01 1.696827227323767007e+00 -3.423590694926526368e+01
3.663618432936917024e-01 1.000000000000000000e+00 1.000000000000000000e+00 -2.933620245574692503e-02 -2.559549147729998353e+01
3.745401188473624909e-01 9.989351098205495605e-01 9.989351098205495605e-01 -2.271829291120321115e-01 -2.273504661670687454e+01
4.319450186421157634e-01 9.614270672464881873e-01 9.614270672464881873e-01 -8.405655449572262405e-01 1.841871191685786613e+00
4.401524937396013026e-01 9.546280336927525090e-01 9.546280336927525090e-01 -8.116894305111338470e-01 5.156417577133905361e+00
4.560699842170359286e-01 9.426113557454603997e-01 9.426113557454603997e-01 -6.832449727875291590e-01 1.077932033397988398e+01
4.951769101112701854e-01 9.266379438201759466e-01 9.266379438201759466e-01 -8.673522428407337559e-02 1.792223775655284612e+01
5.142344384136116053e-01 9.282401213593346467e-01 9.282401213593346467e-01 2.526394473095220361e-01 1.721929714277570866e+01
5.200680211778108131e-01 9.300028658630890011e-01 9.300028658630890011e-01 3.509491268333427283e-01 1.644276399506231456e+01
5.247564316322378408e-01 9.318261660276793146e-01 9.318261660276793146e-01 4.262106888194477361e-01 1.563595037445603531e+01
5.467102793432796481e-01 9.445514841297387720e-01 9.445514841297387720e-01 7.119856790493518384e-01 9.888399259673159136e+00
5.924145688620424677e-01 9.814112594396787737e-01 9.814112594396787737e-01 7.566077884490558514e-01 -8.863402249044645131e+00
5.986584841970366000e-01 9.859445059844931247e-01 9.859445059844931247e-01 6.925411017731861740e-01 -1.165308086807362464e+01
6.011150117432088047e-01 9.876094966565384103e-01 9.876094966565384103e-01 6.625782798742122504e-01 -1.274004819083432238e+01
6.075448519014383653e-01 9.915870015220712430e-01 9.915870015220712430e-01 5.716243499963945540e-01 -1.553814552352516110e+01
6.118528947223794701e-01 9.938997177658761562e-01 9.938997177658761562e-01 5.007397674778633068e-01 -1.736196390248440125e+01
6.625222843539819717e-01 9.890080489990308310e-01 9.890080489990308310e-01 -8.246433540712507781e-01 -3.267488849749959456e+01
6.842330265121568944e-01 9.632098721726959356e-01 9.632098721726959356e-01 -1.557792545653547078e+00 -3.430394711754394876e+01
7.080725777960454881e-01 9.164246704620896411e-01 9.164246704620896411e-01 -2.359150989505408802e+00 -3.228284561960079202e+01
7.319939418114050911e-01 8.512084292061437019e-01 8.512084292061437019e-01 -3.071200624680614943e+00 -2.673135553221901972e+01
7.851759613930135995e-01 6.585973093045587312e-01 6.585973093045587312e-01 -3.996373589766156087e+00 -7.128580225777238155e+00
8.083973481164611341e-01 5.646948228221125854e-01 5.646948228221125854e-01 -4.056540573982132081e+00 1.814019738077546684e+00
8.324426408004217404e-01 4.684870510942307775e-01 4.684870510942307775e-01 -3.913712123644392360e+00 9.777191870164894993e+00
8.661761457749351800e-01 3.436993292828288138e-01 3.436993292828288138e-01 -3.441345330165706873e+00 1.748461403018330884e+01
9.093204020787820641e-01 2.130873763487620975e-01 2.130873763487620975e-01 -2.589187607270506675e+00 2.087074911231578156e+01
9.488855372533332444e-01 1.267238443151233185e-01 1.267238443151233185e-01 -1.789382390835031256e+00 1.895028792415430985e+01
9.507143064099161656e-01 1.234830736449279986e-01 1.234830736449279986e-01 -1.754877971455828245e+00 1.878399630360445727e+01
9.656320330745593594e-01 9.934047816098925954e-02 9.934047816098925954e-02 -1.485673518449585062e+00 1.726352352531814560e+01
9.695846277645585598e-01 9.360192406481893101e-02 9.360192406481893101e-02 -1.418307490421002459e+00 1.682124112330548726e+01
9.699098521619943236e-01 9.314154481352882042e-02 9.314154481352882042e-02 -1.412842821558178530e+00 1.678427351456076977e+01
