# [0] X
# [1] F
# [2] F + noise
# [3] dFdX
# [4] d2FdX2
2.137628136621272379e-02 8.145480662756877932e-02 8.145480662756877932e-02 1.270985891808657176e+00 1.576693987056089341e+01
2.747394137438019524e-02 8.950244258121251018e-02 8.950244258121251018e-02 1.369324713008714944e+00 1.648402675693772679e+01
3.368279878072899525e-02 9.832668399182559194e-02 9.832668399182559194e-02 1.473872443680990685e+00 1.718784565623676386e+01
3.444976810857147687e-02 9.946216257266381200e-02 9.946216257266381200e-02 1.487087510739497187e+00 1.727254863867073098e+01
7.674224020171682703e-02 1.790247038691759052e-01 1.790247038691759052e-01 2.299382031787945202e+00 2.062475938464965708e+01
7.714031987919200972e-02 1.799416756870894363e-01 1.799416756870894363e-01 2.307595216511685088e+00 2.063919681508406967e+01
8.436222628554690406e-02 1.971470861644607497e-01 1.971470861644607497e-01 2.457415458614020221e+00 2.082764123096269770e+01
8.855376970060502284e-02 2.076305709861057669e-01 2.076305709861057669e-01 2.544821296342167027e+00 2.086956354438021677e+01
8.870241768428277496e-02 2.080090841119093259e-01 2.080090841119093259e-01 2.547923555168360998e+00 2.087009446240028510e+01
9.443959037478499852e-02 2.229704000088711946e-01 2.229704000088711946e-01 2.667617416716098422e+00 2.083852867657740404e+01
9.793715214676801395e-02 2.324278910191453495e-01 2.324278910191453495e-01 2.740389359750977860e+00 2.076775042539034999e+01
1.127490424000011648e-01 2.752754323414521309e-01 2.752754323414521309e-01 3.043281504372739477e+00 2.000091206110667841e+01
1.130407006943963122e-01 2.761638809927923210e-01 2.761638809927923210e-01 3.049111579279012663e+00 1.997783890848303301e+01
1.173755471347155410e-01 2.895678753204350420e-01 2.895678753204350420e-01 3.134912796553387615e+00 1.959700789400810805e+01
1.324205537116186493e-01 3.388877068404140824e-01 3.388877068404140824e-01 3.416655543344554680e+00 1.770698428354780418e+01
1.619851038449382497e-01 4.468393749109767499e-01 4.468393749109767499e-01 3.854791637116478764e+00 1.135319981801474931e+01
1.636515280119418270e-01 4.532786451286019980e-01 4.532786451286019980e-01 3.873329469992616403e+00 1.089372964880979211e+01
1.690414563978563933e-01 4.743064489546702789e-01 4.743064489546702789e-01 3.927901823008505655e+00 9.338710225140467003e+00
1.746260867782265525e-01 4.963791655773759359e-01 4.963791655773759359e-01 3.975307743868967236e+00 7.621059447068870618e+00
1.859112320901792348e-01 5.416483534916680664e-01 5.416483534916680664e-01 4.040388792159691711e+00 3.849724598468208470e+00
2.062572996137402859e-01 6.241420684339614722e-01 6.241420684339614722e-01 4.042892441034458884e+00 -3.741783268762798986e+00
2.150643710733681768e-01 6.595582026777251361e-01 6.595582026777251361e-01 3.994652733559932223e+00 -7.224412166809723423e+00
2.519372628606046938e-01 7.986221783638582927e-01 7.986221783638582927e-01 3.460010029421441313e+00 -2.149956163741602921e+01
2.788389407010690713e-01 8.828512752468372637e-01 8.828512752468372637e-01 2.765408198674021989e+00 -2.962891335866829223e+01
2.817007537889806290e-01 8.906431044390465956e-01 8.906431044390465956e-01 2.679654417335284311e+00 -3.029330083827422371e+01
2.898043447722360444e-01 9.113444066690258305e-01 9.113444066690258305e-01 2.427313510844709477e+00 -3.192137174470489924e+01
2.954318901356899341e-01 9.244937668373715001e-01 9.244937668373715001e-01 2.245058956476236212e+00 -3.281778134440548911e+01
3.092575856365471498e-01 9.523443980036538914e-01 9.523443980036538914e-01 1.780715493680156358e+00 -3.413847165779353077e+01
3.260511261378254977e-01 9.774202341361627466e-01 9.774202341361627466e-01 1.206174414644673343e+00 -3.395080695870623089e+01
3.310438226975935816e-01 9.830208109418447915e-01 9.830208109418447915e-01 1.037702841604275728e+00 -3.350682266035852308e+01
3.353658490682239757e-01 9.871943757807805087e-01 9.871943757807805087e-01 8.939767553033808323e-01 -3.297993051095122752e+01
3.663945489162836466e-01 1.000000000000000000e+00 1.000000000000000000e+00 -3.017317188094373673e-02 -2.558472697774184468e+01
3.670803216193239127e-01 9.999733097998716458e-01 9.999733097998716458e-01 -4.764061252914578160e-02 -2.535723539106972169e+01
3.739892442679147999e-01 9.990577714755665140e-01 9.990577714755665140e-01 -2.146031661387722833e-01 -2.293748034589292217e+01
3.830481281693690621e-01 9.962191007806527887e-01 9.962191007806527887e-01 -4.068481633020152310e-01 -1.945230388270937993e+01
3.965416291986605390e-01 9.891271946690066708e-01 9.891271946690066708e-01 -6.315174234135880749e-01 -1.376868747751197652e+01
4.023657288142028499e-01 9.852301226013931990e-01 9.852301226013931990e-01 -7.042439259769257554e-01 -1.119772630789495871e+01
4.111001279251131901e-01 9.787014679009958806e-01 9.787014679009958806e-01 -7.849879176039825657e-01 -7.285378643979550262e+00
4.152192354183156242e-01 9.754114397519646484e-01 9.754114397519646484e-01 -8.111912301451691398e-01 -5.438610044618356731e+00
4.210035476072423455e-01 9.706426613499187228e-01 9.706426613499187228e-01 -8.351956038429840801e-01 -2.867233659708914306e+00
4.369351252922488715e-01 9.572649801309127682e-01 9.572649801309127682e-01 -8.262449159067264404e-01 3.884748457256936849e+00
4.376110596596504143e-01 9.567074008578155819e-01 9.567074008578155819e-01 -8.235276292707955914e-01 4.155070704756485434e+00
4.408210876895990449e-01 9.540874433750611283e-01 9.540874433750611283e-01 -8.081558789717688818e-01 5.415743465765966214e+00
4.470308462674893457e-01 9.491885793247435421e-01 9.491885793247435421e-01 -7.672391355442749195e-01 7.734523684861073889e+00
4.560687504885216903e-01 9.426131159926999237e-01 9.426131159926999237e-01 -6.832589362151186840e-01 1.077894499056739441e+01
4.693936699909216914e-01 9.345812536535297310e-01 9.345812536535297310e-01 -5.142099673521356440e-01 1.440993878581822152e+01
4.723979547875002405e-01 9.331024657706936676e-01 9.331024657706936676e-01 -4.699123741060883819e-01 1.506934109327198712e+01
4.813429432475173630e-01 9.295250323032507866e-01 9.295250323032507866e-01 -3.275985333790846221e-01 1.665400932365281506e+01
4.918456636903528745e-01 9.270269514263356214e-01 9.270269514263356214e-01 -1.461796737770522936e-01 1.775222176062601775e+01
5.092130794607137023e-01 9.271916546348183408e-01 9.271916546348183408e-01 1.649372642475246675e-01 1.768001660540822328e+01
5.123759884616795324e-01 9.278013577972572534e-01 9.278013577972572534e-01 2.204548635214899632e-01 1.741248032533351875e+01
5.142444882517789306e-01 9.282435645310026517e-01 9.282435645310026517e-01 2.528127388733492076e-01 1.721819742744602166e+01
5.165022979918609813e-01 9.288580328064850455e-01 9.288580328064850455e-01 2.913902836093200110e-01 1.694788737870818096e+01
5.207187880526835677e-01 9.302356317476652148e-01 9.302356317476652148e-01 3.616167375987028865e-01 1.634038761975642728e+01
5.242537158763780347e-01 9.316147895633271059e-01 9.316147895633271059e-01 4.183269214391026614e-01 1.573009471300328421e+01
5.258189634647219002e-01 9.322887238218549033e-01 9.322887238218549033e-01 4.427166794148738593e-01 1.543108457022478675e+01
5.477780167591130844e-01 9.453181876713913079e-01 9.453181876713913079e-01 7.223565269339476957e-01 9.535124292244852029e+00
5.562293251719702125e-01 9.517289162442807982e-01 9.517289162442807982e-01 7.905176481892327578e-01 6.538021305397067273e+00
5.590532743284707395e-01 9.539859511725541363e-01 9.539859511725541363e-01 8.074724064927873979e-01 5.464275592578180074e+00
5.592420615015617491e-01 9.541384885474302191e-01 9.541384885474302191e-01 8.084971079054521503e-01 5.391326073222036719e+00
5.668296093599881624e-01 9.603995068334310048e-01 9.603995068334310048e-01 8.379971151478348146e-01 2.350800130541134347e+00
5.822769286725597571e-01 9.733644711235974745e-01 9.733644711235974745e-01 8.234085621918274533e-01 -4.321181285344554368e+00
5.854451165110357014e-01 9.759491341440375001e-01 9.759491341440375001e-01 8.074793366096530978e-01 -5.735917230803257105e+00
5.908853614775331220e-01 9.802451071986005848e-01 9.802451071986005848e-01 7.696377424593927596e-01 -8.176985349776542122e+00
6.021203578124607603e-01 9.882700659542037469e-01 9.882700659542037469e-01 6.495482470803226605e-01 -1.318245022481466577e+01
6.417167310878300057e-01 9.993746979032117617e-01 9.993746979032117617e-01 -1.877349371243658416e-01 -2.808487988016501902e+01
6.448620703608027860e-01 9.986438264802454112e-01 9.986438264802454112e-01 -2.774536990887546684e-01 -2.895407412218330379e+01
6.551461402465863504e-01 9.942138226086871811e-01 9.942138226086871811e-01 -5.882159798173005605e-01 -3.136974483053681340e+01
6.608743268938546134e-01 9.903237365754229415e-01 9.903237365754229415e-01 -7.710084950285323036e-01 -3.241546296376854031e+01
6.696122781072020302e-01 9.823327564939605683e-01 9.823327564939605683e-01 -1.059709320430799684e+00 -3.357528380271428148e+01
6.765613576725774125e-01 9.741530671599191171e-01 9.741530671599191171e-01 -1.295091829834551955e+00 -3.411222509387634716e+01
6.798515871831773971e-01 9.697069986354085458e-01 9.697069986354085458e-01 -1.407570217950912861e+00 -3.424600739544339945e+01
6.849687443741350190e-01 9.620554288040825686e-01 9.620554288040825686e-01 -1.583030993612574822e+00 -3.430029669821708183e+01
6.894372729004398792e-01 9.546393909322530291e-01 9.546393909322530291e-01 -1.736121397184025694e+00 -3.419557650124761494e+01
6.991862379444410136e-01 9.360976619470419147e-01 9.360976619470419147e-01 -2.066558013362936652e+00 -3.348466456724036533e+01
7.125517536588032996e-01 9.055372094069085165e-01 9.055372094069085165e-01 -2.502019381602731851e+00 -3.148793282653972980e+01
7.190545575486664287e-01 8.886105061671020211e-01 8.886105061671020211e-01 -2.702470918064907579e+00 -3.012231913370595748e+01
7.199300263673346079e-01 8.862330592696736620e-01 8.862330592696736620e-01 -2.728753899892054413e+00 -2.992019557748673364e+01
7.452838317804861834e-01 8.081529478298951075e-01 8.081529478298951075e-01 -3.398909740979625393e+00 -2.247075876101115810e+01
7.592076514417425148e-01 7.588088583132289733e-01 7.588088583132289733e-01 -3.677018524904585473e+00 -1.739252429564777458e+01
7.664858145798341127e-01 7.316109654638448534e-01 7.316109654638448534e-01 -3.793395440170030053e+00 -1.457343747179588789e+01
7.669943292836144400e-01 7.296800924602923066e-01 7.296800924602923066e-01 -3.800755462125296802e+00 -1.437364680416281359e+01
7.752031711315355844e-01 6.980324455055244570e-01 6.980324455055244570e-01 -3.905410327109966051e+00 -1.111585005410884897e+01
7.906066290530853191e-01 6.368004526226707096e-01 6.368004526226707096e-01 -4.029229103206447782e+00 -4.973718659264815933e+00
7.959711823591975044e-01 6.151239842996226725e-01 6.151239842996226725e-01 -4.050262432656008826e+00 -2.873683448488099756e+00
8.056126484520902409e-01 5.759973460168487103e-01 5.759973460168487103e-01 -4.060174142718666168e+00 7.899344998834038067e-01
8.236944519250491981e-01 5.030660377766937863e-01 5.030660377766937863e-01 -3.987657592247674021e+00 7.084346725168022552e+00
8.251389638581726471e-01 4.973133712623973302e-01 4.973133712623973302e-01 -3.977089554220829548e+00 7.546522343791455256e+00
8.283462535733033816e-01 4.845982394199899734e-01 4.845982394199899734e-01 -3.951270004270512448e+00 8.548344147581275365e+00
8.311625697859529316e-01 4.735052489267550513e-01 4.735052489267550513e-01 -3.925990282996346448e+00 9.399448878596626145e+00
8.363745082660551944e-01 4.531778017389300195e-01 4.531778017389300195e-01 -3.873045743336127167e+00 1.090098702546104548e+01
8.369281639209688040e-01 4.510351466948484545e-01 4.510351466948484545e-01 -3.866967739432880524e+00 1.105472463998401444e+01
8.421542585708815531e-01 4.309834371380831253e-01 4.309834371380831253e-01 -3.805505086859170660e+00 1.244963241533542408e+01
8.701241366272118860e-01 3.302511271609702703e-01 3.302511271609702703e-01 -3.371103971184737702e+00 1.808994029968369333e+01
8.832009558840542285e-01 2.877638482702823408e-01 2.877638482702823408e-01 -3.123599212563847871e+00 1.965178135593482622e+01
9.002743380567128639e-01 2.373622936217454349e-01 2.373622936217454349e-01 -2.777487914470888164e+00 2.071589444410490799e+01
9.120939993482243269e-01 2.059864928054236100e-01 2.059864928054236100e-01 -2.531303571529823326e+00 2.086647456629236430e+01
9.136758197147565319e-01 2.020085262834551143e-01 2.020085262834551143e-01 -2.498305699143962499e+00 2.085368133049606243e+01
9.375502625627335496e-01 1.482451826461829991e-01 1.482451826461829991e-01 -2.009539911044793126e+00 1.985608016308906443e+01
9.580923375341418025e-01 1.110405398369191249e-01 1.110405398369191249e-01 -1.618897190865247637e+00 1.806530973419107156e+01
9.975408958775807688e-01 6.009590611180926079e-02 6.009590611180926079e-02 -9.944600938714382998e-01 1.345559348705918268e+01
