1.000496268272399902e+00
1.000741124153137207e+00
1.000970482826232910e+00
1.001162171363830566e+00
1.001274824142456055e+00
1.001242160797119141e+00
1.001014232635498047e+00
1.000613331794738770e+00
1.000159502029418945e+00
9.997824430465698242e-01
9.994765520095825195e-01
9.992308616638183594e-01
9.990689754486083984e-01
9.990155696868896484e-01
9.989926815032958984e-01
9.989103078842163086e-01
9.987666606903076172e-01
9.986202716827392578e-01
9.984908103942871094e-01
9.983633756637573242e-01
9.982120990753173828e-01
9.980005025863647461e-01
9.976718425750732422e-01
9.971436262130737305e-01
9.962873458862304688e-01
9.949061870574951172e-01
9.927077293395996094e-01
9.893138408660888672e-01
9.843546152114868164e-01
9.776570200920104980e-01
9.694036245346069336e-01
9.600811004638671875e-01
9.502508640289306641e-01
9.403381347656250000e-01
9.305586814880371094e-01
9.209465980529785156e-01
9.114224910736083984e-01
9.018491506576538086e-01
8.920799493789672852e-01
8.819887638092041016e-01
8.714940547943115234e-01
8.605760335922241211e-01
8.492816686630249023e-01
8.377189636230468750e-01
8.260394334793090820e-01
8.144075870513916016e-01
8.029721975326538086e-01
7.918437123298645020e-01
7.810778617858886719e-01
7.706723809242248535e-01
7.605715394020080566e-01
7.506750226020812988e-01
7.408477067947387695e-01
7.309312820434570312e-01
7.207543849945068359e-01
7.101418972015380859e-01
6.989287137985229492e-01
6.869620084762573242e-01
6.741048097610473633e-01
6.602153778076171875e-01
6.450991630554199219e-01
6.284366846084594727e-01
6.096721887588500977e-01
5.872161984443664551e-01
5.506483316421508789e-01
4.672671854496002197e-01
4.041632711887359619e-01
3.768810927867889404e-01
3.574258983135223389e-01
3.396717607975006104e-01
3.230636417865753174e-01
3.076851665973663330e-01
2.934783399105072021e-01
2.802875936031341553e-01
2.679310441017150879e-01
2.562343180179595947e-01
2.450438886880874634e-01
2.342272847890853882e-01
2.236732989549636841e-01
2.132896035909652710e-01
2.029985934495925903e-01
1.927374154329299927e-01
1.824553310871124268e-01
1.721123009920120239e-01
1.616793721914291382e-01
1.511393636465072632e-01
1.404879838228225708e-01
1.297314465045928955e-01
1.188908740878105164e-01
1.079996824264526367e-01
9.710398316383361816e-02
8.626154810190200806e-02
7.553645223379135132e-02
6.499903649091720581e-02
5.471952259540557861e-02
4.476378858089447021e-02
3.519147634506225586e-02
2.604988031089305878e-02
1.737649552524089813e-02
9.195258840918540955e-03
1.517584547400474548e-03
