-8.1618986269345
-20.892217382856494
-17.197739154100915
-22.56436859688047
-13.770008289680229
-1.6747791943120274
-33.107555155744706
-21.164546982199617
-38.55146564141971
-49.55357587249878
-36.564702251594014
-43.075882015713454
-18.463749926294184
-51.638685036553206
-18.492882454797385
-33.85025118436028
-27.35355314688132
-37.278473571133446
-33.216793668431194
-15.129444910947146
-21.605556258244746
-12.185839430988537
-13.488092404777982
-11.05306022796849
-2.7305439310762862
3.847271018484746
5.195593222276825
15.59323239976948
32.00334146695813
6.608554090260652
19.937746668979486
24.594592111326318
18.8162597678676
49.50799802715467
32.52124168445973
56.086872442017
29.222181627140724
43.41542280388491
31.95404835713089
32.04244961040845
39.79661161564708
42.88864413346809
23.53337851812331
21.89030653742197
21.412562713193424
24.342421226952762
9.10741020729756
16.839987311440265
26.12726574581656
-12.280409745259314
