6.028407229771858
6.140008435910971
5.77595926531229
5.589644435128305
4.975344174591515
4.368671135931971
4.26718979857003
3.6937186636876906
2.808857937747997
1.8995852096433161
1.4423213779662354
0.6194834848488381
-0.42375916175774464
-0.6746545568645631
-1.7205322024883365
-2.3149648891618892
-2.837812939864359
-3.570506652663243
-4.11359643087903
-4.4357723867860805
-4.776299919370306
-5.010918009917384
-5.319842392024997
-5.576808790241492
-5.71272396692612
-5.694082611806835
-5.580056538738218
-5.362494006894943
-5.1129375125992125
-4.819055841641175
-4.409946250687379
-3.9096399218919085
-3.253020829376791
-2.6081569209970845
-1.910561707262957
-1.4102625157286
-0.6609316471988746
-0.032366989338515374
0.586564158837337
1.3891781271453012
2.2560077157179275
2.92633061132042
3.409790346245321
3.9947337840023103
4.593650802579805
5.055264698010467
5.1429017716497185
5.671393342756925
6.403474015057463
5.328314263810457
