0.025177882832198385
0.10846615591822163
0.20409257738421865
0.3175167118814621
0.4560437965903056
0.5867250932133841
0.6807143646525794
0.7682796279955528
0.8694683043651735
0.9350354782770595
0.9610912951314023
0.9854852993555
0.9877080856624354
0.977083295117014
0.9434661583478664
0.89803078093638
0.848465381582464
0.771237135212509
0.6833386399988635
0.5871693033910406
0.5154237973794533
0.4463229893641167
0.3330053942443588
0.18868124927670776
0.04568966401705865
-0.0896365230384008
-0.21310725731547261
-0.3356371478633445
-0.4370629131600413
-0.5423517693585874
-0.6428653590518245
-0.7363282308425773
-0.826764683939429
-0.8900345956190938
-0.9390854782392544
-0.9668448838324588
-0.9866448554615813
-0.9931926875447351
-0.9878975874003358
-0.9634552984983913
-0.9144793481869206
-0.8609333288323973
-0.7981436715823785
-0.7141167562361518
-0.6068882891492497
-0.5144598448591731
-0.4424314268289172
-0.31865256269737
-0.1743783059653336
-0.05616983585238711
